9385
8334
6687
9324
1833
5420
129
2765
6913
942
7492
4621
789
5617
9219
6706
9054
911
685
3454
7898
8933
5983
6894
7991
4239
4180
4583
9739
1075
5160
4351
8078
1531
1367
1439
6304
4669
4203
5782
3562
9588
45
7391
1483
2019
6828
4993
6950
3752
3569
3007
4881
3026
5768
4027
9435
2603
2668
9302
3036
9478
441
3847
8474
843
6742
5699
7087
2853
9973
1318
9988
901
5436
8247
2039
1387
4743
6822
1592
3425
4767
9242
3931
541
1051
2580
9365
8080
3297
6811
4708
883
1883
3553
295
4781
2847
8776
