4984
6644
3672
3526
1124
77
5988
5931
229
8668
7708
9492
2208
2335
2740
3988
1860
5462
8191
8573
2491
8862
9897
587
8176
3874
4204
2073
8696
8493
5247
4322
453
8650
5106
3880
424
426
8084
1059
6176
9801
4269
3526
1430
9603
8515
9466
6890
7183
7665
3612
4081
8483
2102
3681
7044
5434
5390
9365
7470
4862
8130
6386
38
2491
1368
6802
1625
2729
7738
7816
9425
3544
2851
9014
4867
3565
1326
2833
7362
4119
4230
1791
9374
3281
2985
5200
8999
3529
322
8670
3532
8801
5616
7811
4813
1682
1119
7430
