6719
9271
2536
9073
3739
3468
9044
1736
4563
7779
1340
6212
5745
9685
6860
1281
8225
6118
2831
2397
10000
8157
3834
5775
5404
7884
9796
237
178
8338
5139
8938
8231
553
17
4971
8783
6661
6330
4846
7329
5463
1431
2631
5331
894
4367
2122
5346
9430
6408
7837
7120
2478
3785
7298
8201
5898
8393
197
8831
3623
7956
9293
1655
5868
9942
1738
8877
4496
5403
6706
6302
5932
9133
2096
4592
6906
8992
533
5895
8540
658
7124
8206
5749
6084
2729
736
4205
6498
7246
7575
4348
9946
4859
7455
5511
7464
5306
