7468
3194
7457
3409
2189
8493
8629
5610
1186
4096
7452
2430
6158
2945
1502
9667
9325
2631
9054
8710
5181
170
5610
4102
9823
2493
1828
3833
6073
8535
1681
474
627
2435
7981
8560
1736
8849
8415
7670
5504
5391
4700
7437
3553
6136
4374
8453
2909
924
7601
4650
3449
5948
1135
8047
9395
4830
3564
8067
1628
2729
708
6277
1913
8120
3780
8796
9054
2483
4739
7483
4810
6193
4359
3649
5748
4703
4095
690
519
1936
2391
1747
369
4943
2173
1787
6011
7597
1935
6145
1830
3984
8601
8385
9997
9772
1347
1512
