7540
855
4253
1906
930
5158
4045
4000
5712
4845
3135
2028
3036
4753
1975
3562
5219
9240
4825
9776
7560
4837
8429
524
7749
8325
3887
7332
5456
6991
7563
6551
4631
2305
9164
9618
3433
3657
4209
193
2326
9740
1007
252
7047
9824
9509
1285
5447
3368
7139
6701
2420
6140
2503
7204
3290
3807
792
3445
6579
7615
5504
8926
4641
9875
6317
9050
532
389
4243
1919
6293
8900
8725
6146
1705
239
6865
1921
596
3034
7498
7506
2085
8436
9504
5103
6016
9798
9871
9417
8197
5956
1633
7967
2992
3956
6133
9819
