9052
9585
6817
497
58
2188
1944
9902
4408
2833
1573
6056
9156
8823
8798
9476
7048
8162
4998
5385
2964
4914
7074
6254
2559
2292
1449
2095
924
6584
398
934
2262
5993
4149
7814
1553
4548
8095
9074
7833
3130
1619
9008
6631
3905
1155
2626
4166
600
7024
6839
107
5546
8077
1397
3281
9260
301
8609
2356
8101
3504
438
6059
7232
6224
304
2642
9571
6037
9390
8053
347
6656
5647
4987
6692
8622
6746
3814
3248
9150
5114
7903
1161
1658
6172
2544
1004
6826
9039
7246
6531
8773
3360
832
1353
9789
5682
