9450
6265
1001
447
2126
61
4718
1166
2870
1762
4851
6009
9144
3908
4868
2053
8683
173
2054
2380
8653
7687
9772
1906
4297
1992
7908
7889
6283
6104
3397
6588
9048
9657
3989
6391
1666
1929
8934
2475
5221
8475
170
2257
6386
9288
4850
2960
9785
6367
4777
6056
7238
5408
8216
18
2373
402
9953
1612
5607
3607
2711
3733
7952
4307
8779
5660
3355
7349
694
2138
3635
6088
4511
5788
6916
3206
7808
3233
8024
8552
678
2515
9294
2066
1790
9125
6703
5704
9700
5517
124
9891
4054
5229
4427
4
4831
5754
