5764
5430
472
7406
4401
5825
5863
1682
6476
3282
8345
864
9093
3001
2703
7905
4679
4773
4
673
9322
7942
365
892
4683
5177
8552
4794
1840
5105
94
80
925
1311
4232
2579
4782
7151
932
2226
5667
1285
1365
4248
4830
6645
885
7213
3758
7475
5138
9852
9510
166
8735
9526
9870
4065
9647
7491
8287
6341
9028
7229
8768
2153
9217
7686
9083
801
3919
9254
1037
3897
1475
7664
8007
3411
6066
1121
9725
754
1613
109
8051
6714
918
6331
3363
2618
2400
9908
4477
2866
1005
2819
3435
5125
2234
1190
