2345
2875
3984
4836
9866
8555
2445
2774
4315
7993
9222
1860
8368
1104
218
6312
6861
2633
7720
1298
263
2927
6837
1511
6535
7012
3251
9837
4928
1671
9350
9217
9247
6458
3137
6767
6366
6062
2176
1531
1848
4875
590
225
294
3653
5038
5786
8978
3023
4667
6275
945
7776
4209
70
5286
4251
6402
5564
4717
7619
440
2340
8900
1163
5904
560
4676
234
6169
9819
5515
8638
5155
1744
8697
490
3810
394
999
6079
7285
7526
7503
3488
2109
3258
2400
5845
5675
3753
266
9864
7897
3129
6894
2562
5983
8034
