6016
9129
6987
7721
8506
7873
4115
498
608
1986
969
858
6633
472
1019
9977
8389
3936
9972
8744
9540
9227
5377
3729
7856
2244
3446
5523
7302
548
6419
7582
9045
7252
3385
2019
4415
2478
7418
8002
8717
7139
6268
6011
2476
2849
8882
4977
4646
590
5928
8008
8542
2973
4308
5975
8190
8703
4523
7456
769
6485
6177
8510
279
2902
9109
132
1443
8466
1664
64
1255
4846
486
5014
9357
7113
1448
7054
3126
5228
5168
1647
6308
2496
6065
3393
731
7575
9042
6362
29
1677
5544
9965
5362
2774
5491
9974
